!----------------------------------------------------------------------
! Basis Set Exchange
! Version 0.11
! https://www.basissetexchange.org
!----------------------------------------------------------------------
!   Basis set: cc-pwCVTZ-RIFIT
! Description: RI Fitting basis for use with cc-pwCVTZ
!        Role: rifit
!     Version: 1  (Data from Turbomole 7.3/bross2013a)
!----------------------------------------------------------------------



C:cc-pwCVTZ-RI-JK
RI Fitting basis for use with cc-pwCVTZ

  5
    0    1    2    3    4
   12    9    7    4    1
   12    9    7    4    1

508.6800000 280.55661188 129.9920000 60.230247191 39.0277000 
22.116650824 6.8620932896 2.9172900 1.5622549539 0.91245045495 
0.50274917044 0.21582348749 

1.0000000 0.00000000 0.00000000 0.00000000 0.00000000 0.00000000 0.00000000 
0.00000000 0.00000000 0.00000000 0.00000000 0.00000000 
0.00000000 1.0000000000 0.00000000 0.00000000 0.00000000 0.00000000 0.00000000 
0.00000000 0.00000000 0.00000000 0.00000000 0.00000000 
0.00000000 0.00000000 1.0000000 0.00000000 0.00000000 0.00000000 0.00000000 
0.00000000 0.00000000 0.00000000 0.00000000 0.00000000 
0.00000000 0.00000000 0.00000000 1.0000000000 0.00000000 0.00000000 0.00000000 
0.00000000 0.00000000 0.00000000 0.00000000 0.00000000 
0.00000000 0.00000000 0.00000000 0.00000000 1.0000000 0.00000000 0.00000000 
0.00000000 0.00000000 0.00000000 0.00000000 0.00000000 
0.00000000 0.00000000 0.00000000 0.00000000 0.00000000 1.0000000000 0.00000000 
0.00000000 0.00000000 0.00000000 0.00000000 0.00000000 
0.00000000 0.00000000 0.00000000 0.00000000 0.00000000 0.00000000 1.0000000000 
0.00000000 0.00000000 0.00000000 0.00000000 0.00000000 
0.00000000 0.00000000 0.00000000 0.00000000 0.00000000 0.00000000 0.00000000 
1.0000000 0.00000000 0.00000000 0.00000000 0.00000000 
0.00000000 0.00000000 0.00000000 0.00000000 0.00000000 0.00000000 0.00000000 
0.00000000 1.0000000000 0.00000000 0.00000000 0.00000000 
0.00000000 0.00000000 0.00000000 0.00000000 0.00000000 0.00000000 0.00000000 
0.00000000 0.00000000 1.0000000000 0.00000000 0.00000000 
0.00000000 0.00000000 0.00000000 0.00000000 0.00000000 0.00000000 0.00000000 
0.00000000 0.00000000 0.00000000 1.0000000000 0.00000000 
0.00000000 0.00000000 0.00000000 0.00000000 0.00000000 0.00000000 0.00000000 
0.00000000 0.00000000 0.00000000 0.00000000 1.0000000000 

60.8644000 24.231865176 15.2456000 6.4764514185 3.0495700 
2.1290884677 1.0375639746 0.54941275046 0.28152652231 

1.0000000 0.00000000 0.00000000 0.00000000 0.00000000 0.00000000 0.00000000 
0.00000000 0.00000000 
0.00000000 1.0000000000 0.00000000 0.00000000 0.00000000 0.00000000 0.00000000 
0.00000000 0.00000000 
0.00000000 0.00000000 1.0000000 0.00000000 0.00000000 0.00000000 0.00000000 
0.00000000 0.00000000 
0.00000000 0.00000000 0.00000000 1.0000000000 0.00000000 0.00000000 0.00000000 
0.00000000 0.00000000 
0.00000000 0.00000000 0.00000000 0.00000000 1.0000000 0.00000000 0.00000000 
0.00000000 0.00000000 
0.00000000 0.00000000 0.00000000 0.00000000 0.00000000 1.0000000000 0.00000000 
0.00000000 0.00000000 
0.00000000 0.00000000 0.00000000 0.00000000 0.00000000 0.00000000 1.0000000000 
0.00000000 0.00000000 
0.00000000 0.00000000 0.00000000 0.00000000 0.00000000 0.00000000 0.00000000 
1.0000000000 0.00000000 
0.00000000 0.00000000 0.00000000 0.00000000 0.00000000 0.00000000 0.00000000 
0.00000000 1.0000000000 

24.4061000 9.7189810815 5.7381500 3.0351475003 1.4677737562 
0.57370827909 0.29055589668 

1.0000000 0.00000000 0.00000000 0.00000000 0.00000000 0.00000000 0.00000000 
0.00000000 1.0000000000 0.00000000 0.00000000 0.00000000 0.00000000 0.00000000 
0.00000000 0.00000000 1.0000000 0.00000000 0.00000000 0.00000000 0.00000000 
0.00000000 0.00000000 0.00000000 1.0000000000 0.00000000 0.00000000 0.00000000 
0.00000000 0.00000000 0.00000000 0.00000000 1.0000000000 0.00000000 0.00000000 
0.00000000 0.00000000 0.00000000 0.00000000 0.00000000 1.0000000000 0.00000000 
0.00000000 0.00000000 0.00000000 0.00000000 0.00000000 0.00000000 1.0000000000 

6.4901300 2.2756201303 1.1968898852 0.54157487216 

1.0000000 0.00000000 0.00000000 0.00000000 
0.00000000 1.0000000000 0.00000000 0.00000000 
0.00000000 0.00000000 1.0000000000 0.00000000 
0.00000000 0.00000000 0.00000000 1.0000000000 

1.2166101638 

1.0000000000 

O:cc-pwCVTZ-RI-JK
RI Fitting basis for use with cc-pwCVTZ

  5
    0    1    2    3    4
   12    9    7    4    1
   12    9    7    4    1

666.4030000 366.54531503 171.9830000 76.693314858 41.6001000 
24.573835091 8.4165585072 5.1791800 3.0202080356 1.3331563617 
0.81250658727 0.36505253662 

1.0000000 0.00000000 0.00000000 0.00000000 0.00000000 0.00000000 0.00000000 
0.00000000 0.00000000 0.00000000 0.00000000 0.00000000 
0.00000000 1.0000000000 0.00000000 0.00000000 0.00000000 0.00000000 0.00000000 
0.00000000 0.00000000 0.00000000 0.00000000 0.00000000 
0.00000000 0.00000000 1.0000000 0.00000000 0.00000000 0.00000000 0.00000000 
0.00000000 0.00000000 0.00000000 0.00000000 0.00000000 
0.00000000 0.00000000 0.00000000 1.0000000000 0.00000000 0.00000000 0.00000000 
0.00000000 0.00000000 0.00000000 0.00000000 0.00000000 
0.00000000 0.00000000 0.00000000 0.00000000 1.0000000 0.00000000 0.00000000 
0.00000000 0.00000000 0.00000000 0.00000000 0.00000000 
0.00000000 0.00000000 0.00000000 0.00000000 0.00000000 1.0000000000 0.00000000 
0.00000000 0.00000000 0.00000000 0.00000000 0.00000000 
0.00000000 0.00000000 0.00000000 0.00000000 0.00000000 0.00000000 1.0000000000 
0.00000000 0.00000000 0.00000000 0.00000000 0.00000000 
0.00000000 0.00000000 0.00000000 0.00000000 0.00000000 0.00000000 0.00000000 
1.0000000 0.00000000 0.00000000 0.00000000 0.00000000 
0.00000000 0.00000000 0.00000000 0.00000000 0.00000000 0.00000000 0.00000000 
0.00000000 1.0000000000 0.00000000 0.00000000 0.00000000 
0.00000000 0.00000000 0.00000000 0.00000000 0.00000000 0.00000000 0.00000000 
0.00000000 0.00000000 1.0000000000 0.00000000 0.00000000 
0.00000000 0.00000000 0.00000000 0.00000000 0.00000000 0.00000000 0.00000000 
0.00000000 0.00000000 0.00000000 1.0000000000 0.00000000 
0.00000000 0.00000000 0.00000000 0.00000000 0.00000000 0.00000000 0.00000000 
0.00000000 0.00000000 0.00000000 0.00000000 1.0000000000 

133.2370000 52.854386423 26.1479000 15.021795824 6.6342400 
3.9137719482 2.1678840611 0.97419243984 0.51845615412 

1.0000000 0.00000000 0.00000000 0.00000000 0.00000000 0.00000000 0.00000000 
0.00000000 0.00000000 
0.00000000 1.0000000000 0.00000000 0.00000000 0.00000000 0.00000000 0.00000000 
0.00000000 0.00000000 
0.00000000 0.00000000 1.0000000 0.00000000 0.00000000 0.00000000 0.00000000 
0.00000000 0.00000000 
0.00000000 0.00000000 0.00000000 1.0000000000 0.00000000 0.00000000 0.00000000 
0.00000000 0.00000000 
0.00000000 0.00000000 0.00000000 0.00000000 1.0000000 0.00000000 0.00000000 
0.00000000 0.00000000 
0.00000000 0.00000000 0.00000000 0.00000000 0.00000000 1.0000000000 0.00000000 
0.00000000 0.00000000 
0.00000000 0.00000000 0.00000000 0.00000000 0.00000000 0.00000000 1.0000000000 
0.00000000 0.00000000 
0.00000000 0.00000000 0.00000000 0.00000000 0.00000000 0.00000000 0.00000000 
1.0000000000 0.00000000 
0.00000000 0.00000000 0.00000000 0.00000000 0.00000000 0.00000000 0.00000000 
0.00000000 1.0000000000 

40.8836000 15.907733132 10.5342000 5.3799329215 2.9552623921 
1.1624458997 0.50353399421 

1.0000000 0.00000000 0.00000000 0.00000000 0.00000000 0.00000000 0.00000000 
0.00000000 1.0000000000 0.00000000 0.00000000 0.00000000 0.00000000 0.00000000 
0.00000000 0.00000000 1.0000000 0.00000000 0.00000000 0.00000000 0.00000000 
0.00000000 0.00000000 0.00000000 1.0000000000 0.00000000 0.00000000 0.00000000 
0.00000000 0.00000000 0.00000000 0.00000000 1.0000000000 0.00000000 0.00000000 
0.00000000 0.00000000 0.00000000 0.00000000 0.00000000 1.0000000000 0.00000000 
0.00000000 0.00000000 0.00000000 0.00000000 0.00000000 0.00000000 1.0000000000 

13.3713000 4.6873846701 2.1512789489 1.0894068169 

1.0000000 0.00000000 0.00000000 0.00000000 
0.00000000 1.0000000000 0.00000000 0.00000000 
0.00000000 0.00000000 1.0000000000 0.00000000 
0.00000000 0.00000000 0.00000000 1.0000000000 

2.3270964878 

1.0000000000 


!----------------------------------------------------------------------
! Basis Set Exchange
! Version 0.11
! https://www.basissetexchange.org
!----------------------------------------------------------------------
!   Basis set: cc-pwCVTZ-RIFIT
! Description: RI Fitting basis for use with cc-pwCVTZ
!        Role: rifit
!     Version: 1  (Data from Turbomole 7.3/bross2013a)
!----------------------------------------------------------------------



C:cc-pwCVTZ-RI
RI Fitting basis for use with cc-pwCVTZ

  5
    0    1    2    3    4
   12    9    7    4    1
   12    9    7    4    1

508.6800000 280.55661188 129.9920000 60.230247191 39.0277000 
22.116650824 6.8620932896 2.9172900 1.5622549539 0.91245045495 
0.50274917044 0.21582348749 

1.0000000 0.00000000 0.00000000 0.00000000 0.00000000 0.00000000 0.00000000 
0.00000000 0.00000000 0.00000000 0.00000000 0.00000000 
0.00000000 1.0000000000 0.00000000 0.00000000 0.00000000 0.00000000 0.00000000 
0.00000000 0.00000000 0.00000000 0.00000000 0.00000000 
0.00000000 0.00000000 1.0000000 0.00000000 0.00000000 0.00000000 0.00000000 
0.00000000 0.00000000 0.00000000 0.00000000 0.00000000 
0.00000000 0.00000000 0.00000000 1.0000000000 0.00000000 0.00000000 0.00000000 
0.00000000 0.00000000 0.00000000 0.00000000 0.00000000 
0.00000000 0.00000000 0.00000000 0.00000000 1.0000000 0.00000000 0.00000000 
0.00000000 0.00000000 0.00000000 0.00000000 0.00000000 
0.00000000 0.00000000 0.00000000 0.00000000 0.00000000 1.0000000000 0.00000000 
0.00000000 0.00000000 0.00000000 0.00000000 0.00000000 
0.00000000 0.00000000 0.00000000 0.00000000 0.00000000 0.00000000 1.0000000000 
0.00000000 0.00000000 0.00000000 0.00000000 0.00000000 
0.00000000 0.00000000 0.00000000 0.00000000 0.00000000 0.00000000 0.00000000 
1.0000000 0.00000000 0.00000000 0.00000000 0.00000000 
0.00000000 0.00000000 0.00000000 0.00000000 0.00000000 0.00000000 0.00000000 
0.00000000 1.0000000000 0.00000000 0.00000000 0.00000000 
0.00000000 0.00000000 0.00000000 0.00000000 0.00000000 0.00000000 0.00000000 
0.00000000 0.00000000 1.0000000000 0.00000000 0.00000000 
0.00000000 0.00000000 0.00000000 0.00000000 0.00000000 0.00000000 0.00000000 
0.00000000 0.00000000 0.00000000 1.0000000000 0.00000000 
0.00000000 0.00000000 0.00000000 0.00000000 0.00000000 0.00000000 0.00000000 
0.00000000 0.00000000 0.00000000 0.00000000 1.0000000000 

60.8644000 24.231865176 15.2456000 6.4764514185 3.0495700 
2.1290884677 1.0375639746 0.54941275046 0.28152652231 

1.0000000 0.00000000 0.00000000 0.00000000 0.00000000 0.00000000 0.00000000 
0.00000000 0.00000000 
0.00000000 1.0000000000 0.00000000 0.00000000 0.00000000 0.00000000 0.00000000 
0.00000000 0.00000000 
0.00000000 0.00000000 1.0000000 0.00000000 0.00000000 0.00000000 0.00000000 
0.00000000 0.00000000 
0.00000000 0.00000000 0.00000000 1.0000000000 0.00000000 0.00000000 0.00000000 
0.00000000 0.00000000 
0.00000000 0.00000000 0.00000000 0.00000000 1.0000000 0.00000000 0.00000000 
0.00000000 0.00000000 
0.00000000 0.00000000 0.00000000 0.00000000 0.00000000 1.0000000000 0.00000000 
0.00000000 0.00000000 
0.00000000 0.00000000 0.00000000 0.00000000 0.00000000 0.00000000 1.0000000000 
0.00000000 0.00000000 
0.00000000 0.00000000 0.00000000 0.00000000 0.00000000 0.00000000 0.00000000 
1.0000000000 0.00000000 
0.00000000 0.00000000 0.00000000 0.00000000 0.00000000 0.00000000 0.00000000 
0.00000000 1.0000000000 

24.4061000 9.7189810815 5.7381500 3.0351475003 1.4677737562 
0.57370827909 0.29055589668 

1.0000000 0.00000000 0.00000000 0.00000000 0.00000000 0.00000000 0.00000000 
0.00000000 1.0000000000 0.00000000 0.00000000 0.00000000 0.00000000 0.00000000 
0.00000000 0.00000000 1.0000000 0.00000000 0.00000000 0.00000000 0.00000000 
0.00000000 0.00000000 0.00000000 1.0000000000 0.00000000 0.00000000 0.00000000 
0.00000000 0.00000000 0.00000000 0.00000000 1.0000000000 0.00000000 0.00000000 
0.00000000 0.00000000 0.00000000 0.00000000 0.00000000 1.0000000000 0.00000000 
0.00000000 0.00000000 0.00000000 0.00000000 0.00000000 0.00000000 1.0000000000 

6.4901300 2.2756201303 1.1968898852 0.54157487216 

1.0000000 0.00000000 0.00000000 0.00000000 
0.00000000 1.0000000000 0.00000000 0.00000000 
0.00000000 0.00000000 1.0000000000 0.00000000 
0.00000000 0.00000000 0.00000000 1.0000000000 

1.2166101638 

1.0000000000 

O:cc-pwCVTZ-RI
RI Fitting basis for use with cc-pwCVTZ

  5
    0    1    2    3    4
   12    9    7    4    1
   12    9    7    4    1

666.4030000 366.54531503 171.9830000 76.693314858 41.6001000 
24.573835091 8.4165585072 5.1791800 3.0202080356 1.3331563617 
0.81250658727 0.36505253662 

1.0000000 0.00000000 0.00000000 0.00000000 0.00000000 0.00000000 0.00000000 
0.00000000 0.00000000 0.00000000 0.00000000 0.00000000 
0.00000000 1.0000000000 0.00000000 0.00000000 0.00000000 0.00000000 0.00000000 
0.00000000 0.00000000 0.00000000 0.00000000 0.00000000 
0.00000000 0.00000000 1.0000000 0.00000000 0.00000000 0.00000000 0.00000000 
0.00000000 0.00000000 0.00000000 0.00000000 0.00000000 
0.00000000 0.00000000 0.00000000 1.0000000000 0.00000000 0.00000000 0.00000000 
0.00000000 0.00000000 0.00000000 0.00000000 0.00000000 
0.00000000 0.00000000 0.00000000 0.00000000 1.0000000 0.00000000 0.00000000 
0.00000000 0.00000000 0.00000000 0.00000000 0.00000000 
0.00000000 0.00000000 0.00000000 0.00000000 0.00000000 1.0000000000 0.00000000 
0.00000000 0.00000000 0.00000000 0.00000000 0.00000000 
0.00000000 0.00000000 0.00000000 0.00000000 0.00000000 0.00000000 1.0000000000 
0.00000000 0.00000000 0.00000000 0.00000000 0.00000000 
0.00000000 0.00000000 0.00000000 0.00000000 0.00000000 0.00000000 0.00000000 
1.0000000 0.00000000 0.00000000 0.00000000 0.00000000 
0.00000000 0.00000000 0.00000000 0.00000000 0.00000000 0.00000000 0.00000000 
0.00000000 1.0000000000 0.00000000 0.00000000 0.00000000 
0.00000000 0.00000000 0.00000000 0.00000000 0.00000000 0.00000000 0.00000000 
0.00000000 0.00000000 1.0000000000 0.00000000 0.00000000 
0.00000000 0.00000000 0.00000000 0.00000000 0.00000000 0.00000000 0.00000000 
0.00000000 0.00000000 0.00000000 1.0000000000 0.00000000 
0.00000000 0.00000000 0.00000000 0.00000000 0.00000000 0.00000000 0.00000000 
0.00000000 0.00000000 0.00000000 0.00000000 1.0000000000 

133.2370000 52.854386423 26.1479000 15.021795824 6.6342400 
3.9137719482 2.1678840611 0.97419243984 0.51845615412 

1.0000000 0.00000000 0.00000000 0.00000000 0.00000000 0.00000000 0.00000000 
0.00000000 0.00000000 
0.00000000 1.0000000000 0.00000000 0.00000000 0.00000000 0.00000000 0.00000000 
0.00000000 0.00000000 
0.00000000 0.00000000 1.0000000 0.00000000 0.00000000 0.00000000 0.00000000 
0.00000000 0.00000000 
0.00000000 0.00000000 0.00000000 1.0000000000 0.00000000 0.00000000 0.00000000 
0.00000000 0.00000000 
0.00000000 0.00000000 0.00000000 0.00000000 1.0000000 0.00000000 0.00000000 
0.00000000 0.00000000 
0.00000000 0.00000000 0.00000000 0.00000000 0.00000000 1.0000000000 0.00000000 
0.00000000 0.00000000 
0.00000000 0.00000000 0.00000000 0.00000000 0.00000000 0.00000000 1.0000000000 
0.00000000 0.00000000 
0.00000000 0.00000000 0.00000000 0.00000000 0.00000000 0.00000000 0.00000000 
1.0000000000 0.00000000 
0.00000000 0.00000000 0.00000000 0.00000000 0.00000000 0.00000000 0.00000000 
0.00000000 1.0000000000 

40.8836000 15.907733132 10.5342000 5.3799329215 2.9552623921 
1.1624458997 0.50353399421 

1.0000000 0.00000000 0.00000000 0.00000000 0.00000000 0.00000000 0.00000000 
0.00000000 1.0000000000 0.00000000 0.00000000 0.00000000 0.00000000 0.00000000 
0.00000000 0.00000000 1.0000000 0.00000000 0.00000000 0.00000000 0.00000000 
0.00000000 0.00000000 0.00000000 1.0000000000 0.00000000 0.00000000 0.00000000 
0.00000000 0.00000000 0.00000000 0.00000000 1.0000000000 0.00000000 0.00000000 
0.00000000 0.00000000 0.00000000 0.00000000 0.00000000 1.0000000000 0.00000000 
0.00000000 0.00000000 0.00000000 0.00000000 0.00000000 0.00000000 1.0000000000 

13.3713000 4.6873846701 2.1512789489 1.0894068169 

1.0000000 0.00000000 0.00000000 0.00000000 
0.00000000 1.0000000000 0.00000000 0.00000000 
0.00000000 0.00000000 1.0000000000 0.00000000 
0.00000000 0.00000000 0.00000000 1.0000000000 

2.3270964878 

1.0000000000 


