!----------------------------------------------------------------------
! Basis Set Exchange
! Version 0.11
! https://www.basissetexchange.org
!----------------------------------------------------------------------
!   Basis set: 6-311+G*-J
! Description: 6-311+G*-J
!        Role: orbital
!     Version: 0  (Data from the original Basis Set Exchange)
!----------------------------------------------------------------------



H:custom
6-311+G*-J

  1
    0
    6
    8

118753.0892189 5170.23631942 340.31345127 33.8650000 5.0947900
1.1587900 0.3258400 0.1027410

0.00000034 0.0000000 0.0000000 0.0000000 0.0000000 0.0000000
0.00001503 0.0000000 0.0000000 0.0000000 0.0000000 0.0000000
0.00037853 0.0000000 0.0000000 0.0000000 0.0000000 0.0000000
0.0000000 1.00000000 0.0000000 0.0000000 0.0000000 0.0000000
0.0000000 0.0000000 1.00000000 0.0000000 0.0000000 0.0000000
0.0000000 0.0000000 0.0000000 1.00000000 0.0000000 0.0000000
0.0000000 0.0000000 0.0000000 0.0000000 1.00000000 0.0000000
0.0000000 0.0000000 0.0000000 0.0000000 0.0000000 1.00000000

O:custom
6-311+G*-J

  3
    0    1    2
    9    4    1
   15    7    1

31660948.4326500 1341747.4801660 86856.41933057 8588.5000000 1297.2300000
299.2960000 87.3771000 42.1175000 25.6789000 9.6283700
3.7400400 2.8533200 0.9056610 0.2556110 0.0845000

0.0000000 0.0000000 0.0000000 0.0000000 0.00000005 0.0000000 0.0000000
0.0000000 0.0000000
0.0000000 0.0000000 0.0000000 0.0000000 0.00000251 0.0000000 0.0000000
0.0000000 0.0000000
0.0000000 0.0000000 0.0000000 0.0000000 0.00006440 0.0000000 0.0000000
0.0000000 0.0000000
0.0000000 0.0000000 0.0000000 0.0000000 0.00098884 0.0000000 0.0000000
0.0000000 0.0000000
0.0000000 0.0000000 0.0000000 0.0000000 0.00798975 0.0000000 0.0000000
0.0000000 0.0000000
0.0000000 0.0000000 0.0000000 0.0000000 0.03894177 0.0000000 0.0000000
0.0000000 0.0000000
1.00000000 0.0000000 0.0000000 0.0000000 0.0000000 0.0000000 0.0000000
0.0000000 0.0000000
0.0000000 1.00000000 0.0000000 0.0000000 0.0000000 0.0000000 0.0000000
0.0000000 0.0000000
0.0000000 0.0000000 1.00000000 0.0000000 0.0000000 0.0000000 0.0000000
0.0000000 0.0000000
0.0000000 0.0000000 0.0000000 1.00000000 0.0000000 0.0000000 0.0000000
0.0000000 0.0000000
0.0000000 0.0000000 0.0000000 0.0000000 0.43596773 0.0000000 0.0000000
0.0000000 0.0000000
0.0000000 0.0000000 0.0000000 0.0000000 0.0000000 1.00000000 0.0000000
0.0000000 0.0000000
0.0000000 0.0000000 0.0000000 0.0000000 0.0000000 0.0000000 1.00000000
0.0000000 0.0000000
0.0000000 0.0000000 0.0000000 0.0000000 0.0000000 0.0000000 0.0000000
1.00000000 0.0000000
0.0000000 0.0000000 0.0000000 0.0000000 0.0000000 0.0000000 0.0000000
0.0000000 1.00000000

238.82507403 42.1175000 9.6283700 2.8533200 0.9056610
0.2556110 0.0845000

0.00071107 0.0000000 0.0000000 0.0000000
0.01088929 0.0000000 0.0000000 0.0000000
0.07471358 0.0000000 0.0000000 0.0000000
0.25205556 0.0000000 0.0000000 0.0000000
0.0000000 1.00000000 0.0000000 0.0000000
0.0000000 0.0000000 1.00000000 0.0000000
0.0000000 0.0000000 0.0000000 1.00000000

1.2920000

1.00000000


